image: apartment.pgm
resolution: 0.020000
origin: [-10.2500000, -10.100000, 0.000000]
negate: 0
occupied_thresh: 0.65
free_thresh: 0.196

